<CoordinateSystem> { Z-up } 
  <Group> Plane.005 {
    <Transform> {
      <Matrix4> {
        1.0 0.0 0.0 0.0 
        0.0 1.0 0.0 0.0 
        0.0 0.0 1.0 0.0 
        0.0 0.0 0.0 1.0 
      }
    }
    
    <VertexPool> Plane.005 {
    
      <Vertex> 0 {5.000000 -3.000000 2.000000
      }
      <Vertex> 1 {5.000000 -3.000000 0.000000
      }
      <Vertex> 2 {5.000000 3.000000 0.000000
      }
      <Vertex> 3 {5.000000 3.000000 2.000000
      }}
    
    
    <Polygon> {
      <Normal> {1.000000 0.000000 0.000000}
      <VertexRef> { 0 1 2 3 <Ref> { Plane.005 }} 
    }
  }
  <Group> Plane.004 {
    <Transform> {
      <Matrix4> {
        1.0 0.0 0.0 0.0 
        0.0 1.0 0.0 0.0 
        0.0 0.0 1.0 0.0 
        0.0 0.0 0.0 1.0 
      }
    }
    
    <VertexPool> Plane.004 {
    
      <Vertex> 0 {-5.000000 -2.999256 1.999752
      }
      <Vertex> 1 {-5.000000 -2.999256 0.000248
      }
      <Vertex> 2 {-5.000000 2.999256 0.000248
      }
      <Vertex> 3 {-5.000000 2.999256 1.999752
      }}
    
    
    <Polygon> {
      <Normal> {1.000000 0.000000 0.000000}
      <VertexRef> { 0 1 2 3 <Ref> { Plane.004 }} 
    }
  }
  <Group> Camera.001 {
    <Transform> {
      <Matrix4> {
        0.6859206557273865 0.7276763319969177 0.0 0.0 
        -0.32401347160339355 0.305420845746994 0.8953956365585327 0.0 
        0.6515582203865051 -0.6141703724861145 0.44527140259742737 0.0 
        7.245452404022217 -6.878294944763184 6.059184551239014 1.0 
      }
    }
    
  }
  <Group> Lamp.001 {
    <Transform> {
      <Matrix4> {
        -0.29086464643478394 0.9551711678504944 -0.05518905818462372 0.0 
        -0.7711008191108704 -0.1998833566904068 0.6045247316360474 0.0 
        0.5663931965827942 0.21839119493961334 0.7946722507476807 0.0 
        3.8405661582946777 0.6347987055778503 6.619381427764893 1.0 
      }
    }
    
  }
  <Group> Plane.003 {
    <Transform> {
      <Matrix4> {
        1.0 0.0 0.0 0.0 
        0.0 1.0 0.0 0.0 
        0.0 0.0 1.0 0.0 
        0.0 0.0 0.0 1.0 
      }
    }
    
    <VertexPool> Plane.003 {
    
      <Vertex> 0 {-5.000000 3.000000 0.000000
      }
      <Vertex> 1 {5.000000 3.000000 0.000000
      }
      <Vertex> 2 {5.000000 3.000000 2.000000
      }
      <Vertex> 3 {-5.000000 3.000000 2.000000
      }}
    
    
    <Polygon> {
      <Normal> {0.000000 -1.000000 0.000000}
      <VertexRef> { 0 1 2 3 <Ref> { Plane.003 }} 
    }
  }
  <Group> Plane.002 {
    <Transform> {
      <Matrix4> {
        1.0 0.0 0.0 0.0 
        0.0 1.0 0.0 0.0 
        0.0 0.0 1.0 0.0 
        0.0 0.0 0.0 1.0 
      }
    }
    
    <VertexPool> Plane.002 {
    
      <Vertex> 0 {-5.000000 -3.000000 0.000000
      }
      <Vertex> 1 {5.000000 -3.000000 0.000000
      }
      <Vertex> 2 {5.000000 -3.000000 2.000000
      }
      <Vertex> 3 {-5.000000 -3.000000 2.000000
      }}
    
    
    <Polygon> {
      <Normal> {0.000000 -1.000000 0.000000}
      <VertexRef> { 0 1 2 3 <Ref> { Plane.002 }} 
    }
  }
  <Group> Plane.001 {
    <Transform> {
      <Matrix4> {
        1.0 0.0 0.0 0.0 
        0.0 1.0 0.0 0.0 
        0.0 0.0 1.0 0.0 
        0.0 0.0 0.0 1.0 
      }
    }
    
    <VertexPool> Plane.001 {
    
      <Vertex> 0 {-5.000000 -3.000000 0.000000
      }
      <Vertex> 1 {5.000000 -3.000000 0.000000
      }
      <Vertex> 2 {5.000000 3.000000 0.000000
      }
      <Vertex> 3 {-5.000000 3.000000 0.000000
      }}
    
    
    <Polygon> {
      <Normal> {0.000000 0.000000 1.000000}
      <VertexRef> { 0 1 2 3 <Ref> { Plane.001 }} 
    }
  }
  <Group> Plane {
    <Transform> {
      <Matrix4> {
        1.0 0.0 0.0 0.0 
        0.0 1.0 0.0 0.0 
        0.0 0.0 1.0 0.0 
        0.0 0.0 0.0 1.0 
      }
    }
    
    <VertexPool> Plane {
    }
    
    
  }
  <Group> Lamp {
    <Transform> {
      <Matrix4> {
        -0.29086464643478394 0.9551711678504944 -0.05518905818462372 0.0 
        -0.7711008191108704 -0.1998833566904068 0.6045247316360474 0.0 
        0.5663931965827942 0.21839119493961334 0.7946722507476807 0.0 
        4.076245307922363 1.0054539442062378 5.903861999511719 1.0 
      }
    }
    
  }
  <Group> Camera {
    <Transform> {
      <Matrix4> {
        0.6859206557273865 0.7276763319969177 0.0 0.0 
        -0.32401347160339355 0.305420845746994 0.8953956365585327 0.0 
        0.6515582203865051 -0.6141703724861145 0.44527140259742737 0.0 
        7.481131553649902 -6.5076398849487305 5.34366512298584 1.0 
      }
    }
    
  }
